592
570
3
0
-1
1
208
29
0
252
29
0
296
29
0
340
29
0
384
29
0
428
29
0
472
29
0
516
29
0
560
29
0
604
29
0
208
68
0
252
68
0
296
68
0
340
68
0
384
68
0
428
68
0
472
68
0
516
68
0
560
68
0
604
68
0
208
107
0
252
107
0
296
107
0
340
107
0
384
107
0
428
107
0
472
107
0
516
107
0
560
107
0
604
107
0
208
146
0
252
146
0
296
146
0
340
146
0
384
146
0
428
146
0
472
146
0
516
146
0
560
146
0
604
146
0
208
185
0
252
185
0
296
185
0
340
185
0
384
185
0
428
185
0
472
185
0
516
185
0
560
185
0
604
185
0
4
0
2
0
1
0
4
0
